1 18 12
26 14 63
63 47 59
24 34 64
56 55 26
61 21 16
5 43 30
69 48 12
30 49 46
57 30 62
20 39 6
27 40 42
13 73 26
45 16 53
64 25 61
72 48 56
48 33 73
34 21 44
1 21 51
70 33 53
26 14 24
47 61 37
23 29 45
25 24 13
13 6 71
66 4 31
29 13 10
5 48 30
12 48 67
38 46 72
8 73 27
54 20 21
23 68 15
44 16 42
42 58 10
20 44 25
52 15 45
32 6 12
44 47 49
19 44 47
7 10 17
65 48 16
63 18 69
47 25 26
70 16 8
47 17 62
17 54 14
44 13 18
73 56 30
16 50 71
29 4 61
63 57 15
6 28 73
66 64 50
43 8 15
58 60 71
59 1 69
37 71 26
24 57 27
56 67 57
40 50 23
59 24 15
25 20 53
39 68 15
31 5 68
21 7 42
25 46 28
24 65 67
17 59 29
14 34 9
20 72 40
72 31 71
68 70 50
69 21 59
14 2 50
35 43 29
38 66 14
51 64 63
49 61 54
62 41 57
69 30 34
4 68 64
29 72 51
43 66 53
13 73 9
17 55 64
60 34 59
1 34 56
67 56 51
4 10 7
5 37 71
51 66 12
22 17 46
32 62 41
1 39 61
38 57 49
35 53 32
5 60 32
39 66 69
54 22 36
6 38 10
28 6 4
63 55 51
36 8 18
5 67 2
4 32 39
49 31 36
18 60 41
54 46 40
1 19 50
32 37 8
65 40 53
