3 26 40
64 35 44
52 11 47
15 56 13
20 64 26
33 47 30
17 58 40
48 13 24
25 45 38
9 60 47
19 57 56
61 20 17
54 29 30
26 69 32
19 63 61
45 51 14
17 37 59
33 11 50
38 13 33
64 6 42
9 22 55
46 70 54
43 26 9
3 41 63
53 59 12
24 71 41
44 52 63
28 36 56
42 22 24
10 28 43
48 10 55
14 41 43
34 25 55
5 28 36
38 37 73
11 26 19
43 57 64
67 18 9
55 73 43
24 42 48
11 21 38
58 65 49
48 63 66
51 30 14
36 72 65
49 32 72
69 46 52
42 68 5
42 73 52
21 6 13
42 5 68
54 25 64
4 34 45
6 68 39
42 60 62
29 49 2
39 14 73
69 18 62
41 38 23
46 29 2
32 38 58
73 51 3
52 18 24
53 10 61
60 46 61
46 34 5
1 6 50
69 17 1
59 72 68
43 29 39
52 73 33
16 50 27
63 57 21
30 71 8
67 4 23
2 70 1
34 13 31
37 70 68
47 45 5
32 61 55
69 50 45
38 1 68
12 36 23
16 58 15
6 52 63
65 55 9
33 58 39
30 21 15
48 67 4
53 66 20
7 60 49
25 21 4
63 65 51
20 57 59
49 72 9
72 19 70
40 15 58
36 40 34
25 16 35
71 60 67
57 27 56
26 23 61
20 42 27
4 34 53
24 7 61
61 44 56
31 42 54
14 1 39
14 62 49
65 26 27
4 61 17
66 52 58
